$ANSIBLE_VAULT;1.1;AES256
31373935316535643138336533393435326331306161303065356166393034353239626634616632
3462393861306334373834363661626433663830393231660a633563346432616666396263633536
30343237643433653266623436303436653264363438363063366432623634323962656631303163
6539386639626362650a353530366533326336316333333633353363313063343739316161633965
63663535663538623230323736616630616662613966626166653939333432633961316465636236
38346237313039373139323936306266396637333030626639353266613933363130643735643930
35656565353561353632323364303432393066306166313831333630633965383933656438643036
31323936623838363036373931326236626438663438633164623338623531643064306164613262
61363636386632613937616133653066663266613862373637346265346535383364626263306131
62633739333736366635343966626539336535303632393732333832393930333361343363646136
36316166613930616639316564343639353663323061613065663835666539303538383337396533
62363539633132346364366364336166353533313333663437633735643966303261366165616562
31333231343236653936613737633039373232373136356532346638633231643639333130316537
32623830633765613935376535653134343464643334623138313963363637396632343136373130
32373235326133656164636637636132383739303639333436626439356532373933373962326135
61626262326661313162326137623239376432363935616638393737323331323034396566396532
38326162666332643264316664346161626538393030386334363530336232353861643233343836
63653463633436663862626464353931303533633231623763666461376564623837386636363237
36336238356663623964636237393437373532336262343038306666393632313161326330353239
34366563333332386365323339313565313038643262383161336335633336356463393836363830
36376262363635633866353565643934326430666463626164373866363062653364396637356461
36386638393662643338373232373731383236646131363666376636316262343665656665643066
39333364383834353137663064373836313862336461313433363462623837383537313164626366
34393965363239366333653439663936323762316462636438353662646663396666613738323938
65633733313137393833333936373137396562326239366539356532386534376362656139613738
33386337363862623934313535373339623934653330313637623364666664626130353063613136
38383731306637646366396663366135356564376461346138633336393861656135383036636333
39353938323338316366383161373963363164383362636130643038623836323631616637363430
38363236363039633237646335323638643733303061303163393064343664663363306136633963
32303530323565366637613036356230316161323961396232303038326132343335613665636335
36366436306366623633306336643134383064373438666438386335646164373166363066633166
65363166653936336632346230663136653933643530343966376566376330663636363635646133
38636539373939353066363737613161626161356361373063313766346631343234363061303163
30323062366434366262393863376161333033363161646331373436643332306436353236346637
39316537623035616137386337333630646535613064663231633737356439623266633537353430
64373363633330393066636163356635316462646437393865663764363365353436373435373566
37393933623533653964643334323932623738383332343031346635303861646436393431616430
62383363393563303834383632373464313366336530343432323833646432636536396535643030
35656239323362643435323161316136396462313639333430346162333865626432336134306534
33393763613030363738336133646166363666663463666162613937363430326336346164383038
31363838643436613835343061373036383834356331613236336234633034363835366639383965
64303731323935356635353665333831386464383934326430306363663337316166663763653634
61393866353038666564616136343861386161656261643930623764623735383664646535303937
66366666343636343863616535333334383561303237613464666536653766373434643361343535
37623965303065323335613061643036363265656661316333626534396465356138646234616437
62323765613337623533303566653633373231636336643430323235333132316132613564623333
63306164356231383463326235633863343262346337323137316465356634373937356430626533
37386639356433666664393066643237623661666237653938663566346533393931346462653562
32666565396233623362656466663133393965363965343530343139613634343734616132343337
31653461346332626663616430356165303933353335653938643435386538396632396238376161
62343736306236353636376363373632633065623432636537313035653365613737323637303566
39333735333964376563346435383563303935346432396633306136343764393637633564393834
62653936636639353163373932306635303464343332643365366663313763316461376165396538
64333764346232613064643365353536353734653166336463623166383164366665393433346166
32363031386362313834373434343539646633393065383162383934303035303237353738316333
63626562376665633463336663346134313731643933343930653866303339646432363761636162
37323536613065363466383265363234386236393739643434656636613163626236646566653631
32343466666264666462323665313432313438633036366530333436356335663539363661396564
39633530646130303930363239316461363538343833346563306161653566326539306635393131
64643333643961343637343736396432313232366261326336376132656431303930396161323339
64663836663761363666316530323661663337323032323632623630303263656433383037616539
32633566313961353930666337663836636261316634323333343037633834383438653036303364
38353339356138353035313732323130613134393034306337643837663266333134636163393631
63363831626534653565346661316534333062316631323532366230663234656536353332343461
62393534626632396636396463396137363130346531393838643665323739653861383938653530
63333862666231666161346361656334326362303662383265383836353164373631303236353036
36373462633563626136643866376137396630326161646266396533313130616662316331313865
39366530346263646361316433663639386138346462303163643732383861376566663364383331
37616437366233303137626366633263393964396134393861343065303164336335336434636537
30303866386132303964663066346236316233383939303466303764333464663661396536333861
30663065666164393464363466346636373134343632323534336335333563393664633437663864
36343530303831366130373230323232326330373032366633633062653066303032336365396531
63326337663166663462643531306635383062393362353766303063333437376561636462306463
61623531643431623338316438333366363938303261623635643565313138623532313766653034
39643266373264303935663962373634323834303936333132313765326134346561636465336262
31343065336661643033326231386363633230663063346431373337306338633563383064383638
63653439383133663066613039366163366230323964613233383861613436393335393562633665
34343437346630383166646632356561353638656235636332666164636439626365636138366164
36326264636635363965626533306430323335373664663732343734316238373163363633613935
64303938313065303837356266666561653765363261633065343936313936323732356162666462
35313232343461343439653937616530653436623832396635663166666661633739326230616532
32383866326539646336396263383164333137613033306561306531383836313031373439613862
63366566333064393964663035616430366264653438663263386132643063356362323266326632
30363537613837626236623736613535363533613964616333376431613866393666383465626261
66633266333939336631623737376132636631316463323331383335373130333331643365623838
34626234646265326534393561343466333330376339373264356537343666653335303833653762
61383934313731333731333365616131326361666434313161656131613932623231336561663534
34623234616137396465663035646366623762333033313866396463343839643535313661366461
39653834326438626538653534303336366566613865636531626439396232343430393332363930
66373238336632303362396430353838323266353838326566383636346563643334303662643630
37323432653531396631313639373233643135343937326130363931306164343662633864303763
38356664323438393466633765323737643930663231353733343063363232623961653830393635
66653866613638353238356537613638643434623163656132376431613861653737623462653939
35653364323639616532366133643461376566306239393964303364343233313037636434323931
61366361386235376135323661303664633035376431336431373033633964353066313361383133
32383666323463363132386563386366616631363731333164353331303430613866383639613039
39663164666232656330613938306536353862616137383165336164353264653338
