$ANSIBLE_VAULT;1.1;AES256
32333238383364623561643439316162373034323034383539343535373261646563623337373931
6233333866383564613363356135336264623433613938390a393962383962343339656531633331
65336366336432353231356166373133663336383535396563396538613131386334323164643763
3666383862343832300a303964376564396262303238363735643037306261663565616230643735
31643764653239323063306335303031356137383938653862306533613331613163313534306632
35313730383838316235633332663062643232396665303664646661393738633566366333613465
32373631633562666439373831396334633135613165666561623437333435643439383732633638
33666438316434393135653136363863303331326235313863333166613931326430336661336432
63663563343334613163333463653032383362636662313037356237663730633862363737656432
33613766613565343466653361326265623932623138373239313162306531363162366339616238
37373632626437373462623137343231336363666362616461306135643166376539633866363838
39636436393862393235663539393237616138316165396664656537396430353364316661323061
31646365616166396566323737383464303536386265336639666231633365633336303963386230
3562326161633563323366373732373136613333316334393730
