$ANSIBLE_VAULT;1.1;AES256
36313466346164326534616565333332383663616338373434323438653035306538663565353665
3463373236633065336234656230383763656465303336340a393965376531633135636165633862
65656639616337323131306264633735646639623833313161636662383639666466346436363865
6532313836386236300a626265633533313739333137393963363266653236613661313664326562
63346539363330663133623461666237356235383562343063346632653831393830303431336430
63323031366665383638393539376239373334653861313838363462323838643861326663353463
33343966643366313033666639623766306234643830666361613434633336373664353731316433
35613862396536643331313337616133366231626531666165393437373736386662343935303262
37316539376465333938633365633835613461333664343464363932306330626238333831376331
62306262656363303364313638636436623336653139383237353532633731653662623163633936
61333933343430353862333339626331323434363064623531383763663761343631316234316163
33313532343932356364
