$ANSIBLE_VAULT;1.1;AES256
34633361633436373038373037383563623736633035626139333264663932646233333062656461
3835356534373939383035636330653130663034303130330a343462633230363864616633363735
66383137613766323935363433613336316232636434336665373239306463323633393738366237
3865373065306133340a643832383530366633636438356233363538623939316631613663616234
38363131373437316562616465373163383730303731303832373462353833363261343763383434
30386138353139343132393331643232336435316163366364333334333639643763343135356634
38363932356234393363323831343337353530316233636365373065393264373561636363653534
33323466616261373638386530303234616639643663386636353039326434376535653963623862
65356266616138313361396132663161316630643831343336326238613866343134663732643234
37623238323433356564663336613830643336343335656530386131373864623731356631643939
64333731303462383630313436656133653932336366663931666632313938326364316461363065
32303835356566646237376332396436343764323131623539643566316432353333306363613162
31346436323962303061343766363030353333336232323236636339663566326331393537653163
3133376436386563613364323461313934366362326338353430
